0 0.231114 0.508066 0.070775 0.107272
0 0.295538 0.515728 0.050813 0.100013
0 0.356937 0.517744 0.050208 0.105659
0 0.413497 0.510485 0.044764 0.102433
0 0.556257 0.500403 0.067751 0.111305
0 0.612212 0.503630 0.050208 0.109692
0 0.681475 0.497177 0.065331 0.093560
0 0.758299 0.500807 0.071380 0.091141
0 0.742269 0.123742 0.024802 0.027423
0 0.354215 0.444348 0.030246 0.042747
0 0.394744 0.441928 0.027826 0.041134
0 0.212570 0.835458 0.040084 0.074480
0 0.258401 0.833358 0.032855 0.068430
0 0.299579 0.829894 0.038812 0.072225