0 0.219989 0.245972 0.085968 0.148819
0 0.743918 0.201468 0.065067 0.123022
0 0.560066 0.219025 0.062407 0.106892
0 0.610848 0.185351 0.040579 0.047303
0 0.250073 0.819820 0.489544 0.355231
0 0.563167 0.741710 0.033961 0.059614
0 0.604753 0.741336 0.032642 0.065393
0 0.644340 0.746562 0.028833 0.062863
0 0.680362 0.744745 0.034230 0.059253
0 0.724203 0.736604 0.041343 0.070453
0 0.770242 0.733520 0.043508 0.070092
0 0.846739 0.749030 0.031027 0.067198
0 0.885283 0.760759 0.030461 0.063225