0 0.142145 0.292068 0.183564 0.159146
0 0.349606 0.294449 0.178065 0.173434
0 0.896892 0.197049 0.077284 0.142517
0 0.820379 0.219888 0.061198 0.135175
0 0.730884 0.242168 0.093688 0.137142
0 0.646515 0.261302 0.090865 0.135255
0 0.067057 0.767889 0.120527 0.154641
0 0.226325 0.782002 0.133441 0.148678
0 0.382096 0.788759 0.146893 0.165374
0 0.569189 0.674934 0.066171 0.115861
0 0.630846 0.688198 0.050214 0.101238
0 0.689887 0.697022 0.054300 0.099486
0 0.747406 0.699207 0.042842 0.095717
0 0.938495 0.721632 0.048307 0.090719
0 0.986412 0.732843 0.024050 0.096315