0 0.056643 0.285542 0.113286 0.168231
0 0.198577 0.288065 0.111932 0.166931
0 0.385681 0.260706 0.144148 0.191514
0 0.790747 0.304078 0.049426 0.085444
0 0.884400 0.247424 0.040103 0.057358
0 0.742765 0.320530 0.043117 0.082580
0 0.676774 0.346188 0.056418 0.072115
0 0.607385 0.370010 0.066118 0.075423
0 0.632809 0.176135 0.027004 0.040580
0 0.585746 0.190187 0.019623 0.035542
0 0.563285 0.191474 0.022988 0.027029
0 0.295712 0.765508 0.134447 0.171380
0 0.426435 0.756164 0.114590 0.178140
0 0.943380 0.597039 0.109643 0.194078
0 0.711538 0.834484 0.110912 0.164056
0 0.594332 0.929595 0.099953 0.136482