0 0.380634 0.368816 0.039623 0.063786
0 0.343110 0.355851 0.039298 0.068570
0 0.306553 0.348537 0.035477 0.065144
0 0.274274 0.335960 0.039812 0.063544
0 0.235878 0.315314 0.047918 0.075750
0 0.194737 0.298555 0.049820 0.076085
0 0.123285 0.289295 0.038109 0.069699
0 0.086696 0.288154 0.037002 0.065963
0 0.932910 0.316885 0.052125 0.076326
0 0.725652 0.300714 0.067037 0.117304
0 0.783146 0.289338 0.048897 0.069623
0 0.635014 0.276973 0.097452 0.126592
0 0.547338 0.250244 0.094675 0.132864
0 0.642303 0.143880 0.024536 0.033217
0 0.667351 0.150328 0.022446 0.037590
0 0.718347 0.157800 0.035979 0.046983
0 0.292784 0.723113 0.349623 0.251281
0 0.666902 0.689240 0.138425 0.102752
0 0.546477 0.752554 0.092953 0.210716