0 0.255507 0.276465 0.130067 0.157879
0 0.624178 0.216931 0.033875 0.050409
0 0.784631 0.260687 0.040832 0.081462
0 0.742136 0.236288 0.032061 0.045570
0 0.856919 0.266937 0.065633 0.080252
0 0.932685 0.271979 0.074405 0.082268
0 0.868261 0.162085 0.016333 0.021373
0 0.848299 0.160270 0.013913 0.025810
0 0.808374 0.152205 0.024197 0.029842
0 0.338865 0.717722 0.019680 0.035471
0 0.316915 0.718727 0.017984 0.039180
0 0.295365 0.721971 0.016634 0.037911
0 0.273828 0.724479 0.019691 0.036061
0 0.248400 0.722001 0.023725 0.038985
0 0.222613 0.726725 0.026890 0.042731
0 0.172312 0.739062 0.019838 0.043719
0 0.145229 0.747827 0.025425 0.047044
0 0.597910 0.815238 0.195820 0.366399
0 0.821854 0.772616 0.211529 0.409084
0 0.936806 0.825848 0.123262 0.344270