0 0.356901 0.283637 0.096770 0.123358
0 0.276823 0.273602 0.067812 0.107599
0 0.203742 0.252198 0.077994 0.113787
0 0.231759 0.207960 0.029936 0.031812
0 0.652306 0.241934 0.045974 0.077832
0 0.695557 0.240926 0.035690 0.068557
0 0.751513 0.243749 0.046579 0.067751
0 0.803989 0.246572 0.045671 0.070977
0 0.119995 0.723085 0.044007 0.065148
0 0.158514 0.728400 0.031930 0.060570
0 0.195303 0.730294 0.031650 0.063951
0 0.229325 0.726569 0.028338 0.061954
0 0.315080 0.722111 0.042251 0.067533
0 0.348587 0.724671 0.031709 0.066371
0 0.390215 0.721572 0.040541 0.056861
0 0.436230 0.724606 0.044134 0.055476
0 0.432121 0.503283 0.015273 0.006567
0 0.194742 0.686229 0.018761 0.025984
0 0.219081 0.685229 0.017287 0.024989
0 0.586427 0.707350 0.108352 0.135685
0 0.800692 0.746627 0.067938 0.098391
0 0.912005 0.756348 0.093370 0.081332