0 0.290747 0.304078 0.049426 0.085444
0 0.384400 0.247424 0.040103 0.057358
0 0.242765 0.320530 0.043117 0.082580
0 0.176774 0.346188 0.056418 0.072115
0 0.107385 0.370010 0.066118 0.075423
0 0.132809 0.176135 0.027004 0.040580
0 0.085747 0.190187 0.019623 0.035542
0 0.063285 0.191474 0.022988 0.027029
0 0.637665 0.258106 0.045190 0.075142
0 0.684824 0.256335 0.050715 0.067224
0 0.710398 0.248039 0.051614 0.076412
0 0.742721 0.239659 0.036313 0.065166
0 0.771072 0.234424 0.036159 0.055206
0 0.105183 0.711807 0.050051 0.085714
0 0.153411 0.708484 0.038911 0.075471
0 0.198049 0.698255 0.045150 0.081973
0 0.248862 0.691967 0.031786 0.073516
0 0.289108 0.674671 0.040152 0.076667
0 0.332976 0.645591 0.050766 0.090986
0 0.381398 0.645402 0.038777 0.079598
0 0.440281 0.641758 0.056793 0.075186
0 0.484217 0.642368 0.031318 0.069946
0 0.567057 0.767889 0.120527 0.154641
0 0.726325 0.782002 0.133441 0.148678
0 0.882096 0.788759 0.146892 0.165374