0 0.183807 0.299581 0.035605 0.078802
0 0.228132 0.306106 0.023200 0.073751
0 0.261139 0.295486 0.037196 0.078335
0 0.376034 0.153420 0.007486 0.012512
0 0.346873 0.159205 0.013574 0.023077
0 0.856901 0.283637 0.096771 0.123358
0 0.776822 0.273602 0.067812 0.107599
0 0.703742 0.252198 0.077994 0.113787
0 0.731760 0.207960 0.029936 0.031812
0 0.097910 0.815238 0.195820 0.366399
0 0.321854 0.772616 0.211528 0.409084
0 0.437017 0.825848 0.123684 0.344270
0 0.652306 0.741934 0.045974 0.077832
0 0.695557 0.740926 0.035690 0.068557
0 0.751513 0.743749 0.046579 0.067751
0 0.803989 0.746572 0.045671 0.070977