0 0.243849 0.304936 0.022531 0.045804
0 0.269506 0.289058 0.017964 0.043115
0 0.291668 0.281855 0.016349 0.040139
0 0.309997 0.278145 0.013184 0.037511
0 0.327462 0.266054 0.012689 0.036037
0 0.343079 0.267139 0.013227 0.031703
0 0.359530 0.279099 0.008007 0.019440
0 0.366459 0.286591 0.006863 0.016692
0 0.730221 0.262909 0.175187 0.231961
0 0.095320 0.887234 0.143383 0.217035
0 0.272021 0.803582 0.158424 0.216703
0 0.016887 0.726488 0.033775 0.075944
0 0.091538 0.701353 0.073778 0.076152
0 0.204232 0.656894 0.092693 0.088689
0 0.332174 0.637825 0.089844 0.098020
0 0.688294 0.768118 0.154313 0.169933
0 0.899602 0.713731 0.185081 0.189465