0 0.319285 0.252602 0.158304 0.166268
0 0.167118 0.288329 0.167376 0.186502
0 0.637391 0.250555 0.059182 0.083799
0 0.693913 0.254341 0.053484 0.106442
0 0.751193 0.250638 0.039275 0.066796
0 0.812584 0.249783 0.052320 0.065017
0 0.453997 0.786988 0.078655 0.127961
0 0.376335 0.776401 0.062797 0.116294
0 0.306746 0.774841 0.056128 0.121861
0 0.247354 0.769280 0.066729 0.115475
0 0.177757 0.737231 0.080554 0.120080
0 0.107234 0.724523 0.085934 0.136228
0 0.734219 0.817032 0.081787 0.139815
0 0.635703 0.887169 0.101009 0.136923