0 0.228177 0.211872 0.031073 0.051069
0 0.254083 0.217571 0.022156 0.050725
0 0.290753 0.228958 0.031659 0.048768
0 0.328118 0.244825 0.040630 0.053383
0 0.341646 0.190297 0.009222 0.015783
0 0.329441 0.182978 0.010567 0.017600
0 0.303035 0.168096 0.014918 0.019063
0 0.792784 0.223113 0.349623 0.251281
0 0.137665 0.758106 0.045190 0.075142
0 0.184824 0.756335 0.050715 0.067224
0 0.210398 0.748039 0.051614 0.076412
0 0.242721 0.739659 0.036313 0.065167
0 0.271072 0.734424 0.036159 0.055206
0 0.707564 0.788001 0.059464 0.117323
0 0.758513 0.781035 0.055106 0.118302
0 0.805825 0.768533 0.052720 0.100899
0 0.864626 0.765885 0.064062 0.113924