0 0.111323 0.227820 0.034782 0.061702
0 0.148374 0.230037 0.026616 0.054846
0 0.183005 0.226610 0.031153 0.059282
0 0.222174 0.226811 0.021172 0.054039
0 0.253780 0.217536 0.027523 0.055652
0 0.288714 0.199591 0.035085 0.065735
0 0.325766 0.204228 0.026314 0.058072
0 0.370984 0.207253 0.040530 0.052829
0 0.411059 0.212899 0.034178 0.049603
0 0.621206 0.270309 0.124705 0.191195
0 0.763791 0.264918 0.102215 0.175664
0 0.891900 0.256027 0.120750 0.185407
0 0.436570 0.603965 0.124784 0.207930
0 0.268431 0.713945 0.126613 0.183473
0 0.177847 0.774339 0.088595 0.140326
0 0.619995 0.723085 0.044006 0.065148
0 0.658515 0.728400 0.031930 0.060570
0 0.695303 0.730294 0.031650 0.063951
0 0.729326 0.726569 0.028338 0.061954
0 0.815080 0.722111 0.042251 0.067533
0 0.848587 0.724671 0.031708 0.066371
0 0.890215 0.721572 0.040541 0.056861
0 0.936230 0.724606 0.044134 0.055476
0 0.932121 0.503283 0.015273 0.006567
0 0.694743 0.686229 0.018761 0.025984
0 0.719081 0.685229 0.017286 0.024989