0 0.111323 0.227820 0.034782 0.061702
0 0.148374 0.230037 0.026616 0.054846
0 0.183005 0.226610 0.031153 0.059282
0 0.222174 0.226811 0.021172 0.054039
0 0.253780 0.217536 0.027523 0.055652
0 0.288714 0.199591 0.035085 0.065735
0 0.325766 0.204228 0.026314 0.058072
0 0.370984 0.207253 0.040530 0.052829
0 0.411059 0.212899 0.034178 0.049603
0 0.613603 0.361206 0.127482 0.230754
0 0.824215 0.290908 0.144866 0.228370
0 0.535376 0.170369 0.062850 0.078639
0 0.640571 0.154085 0.071764 0.077844
0 0.773402 0.119134 0.091376 0.089760
0 0.918936 0.114368 0.086473 0.100880
0 0.393299 0.769945 0.093190 0.168487
0 0.307262 0.744613 0.068091 0.152494
0 0.249116 0.696316 0.096046 0.168416
0 0.645634 0.773344 0.170515 0.154897
0 0.812365 0.743670 0.168197 0.165458