0 0.124177 0.216931 0.033875 0.050409
0 0.284631 0.260687 0.040832 0.081462
0 0.242136 0.236288 0.032061 0.045570
0 0.356919 0.266937 0.065633 0.080252
0 0.432685 0.271979 0.074405 0.082268
0 0.368261 0.162085 0.016333 0.021373
0 0.348299 0.160270 0.013913 0.025810
0 0.308374 0.152205 0.024197 0.029842
0 0.943380 0.097039 0.109643 0.194078
0 0.711538 0.334484 0.110912 0.164056
0 0.594332 0.429595 0.099953 0.136482
0 0.364042 0.788919 0.143137 0.178708
0 0.122566 0.806175 0.156042 0.187141
0 0.644230 0.680100 0.107982 0.176789
0 0.735893 0.732889 0.105841 0.158183
0 0.820624 0.772938 0.097785 0.158146
0 0.914828 0.824144 0.129581 0.172829