0 0.359187 0.242136 0.042344 0.070170
0 0.313214 0.250202 0.038110 0.062911
0 0.264821 0.263107 0.036900 0.093561
0 0.217788 0.270164 0.042042 0.089931
0 0.861923 0.269107 0.094170 0.156602
0 0.769180 0.267451 0.093372 0.138210
0 0.685815 0.258246 0.085414 0.139841
0 0.591326 0.253873 0.115789 0.148120
0 0.055385 0.724803 0.110771 0.230799
0 0.184271 0.766762 0.185075 0.228885
0 0.398548 0.785651 0.199699 0.266911
0 0.838866 0.717722 0.019680 0.035471
0 0.816915 0.718727 0.017984 0.039180
0 0.795365 0.721971 0.016634 0.037911
0 0.773828 0.724479 0.019692 0.036061
0 0.748401 0.722001 0.023725 0.038985
0 0.722613 0.726725 0.026890 0.042731
0 0.672312 0.739062 0.019838 0.043719
0 0.645229 0.747827 0.025425 0.047044