0 0.356901 0.283637 0.096770 0.123358
0 0.276823 0.273602 0.067812 0.107599
0 0.203742 0.252198 0.077994 0.113787
0 0.231759 0.207960 0.029936 0.031812
0 0.555386 0.224803 0.110771 0.230799
0 0.684272 0.266762 0.185075 0.228885
0 0.898548 0.285651 0.199699 0.266911
0 0.297215 0.745567 0.035181 0.059633
0 0.266225 0.754649 0.024316 0.059976
0 0.222534 0.771525 0.036021 0.056777
0 0.178242 0.793880 0.046722 0.061640
0 0.159009 0.729017 0.010408 0.018462
0 0.173364 0.719129 0.011952 0.020565
0 0.204470 0.698890 0.017182 0.021976
0 0.887071 0.819114 0.169685 0.202932
0 0.687154 0.803087 0.173549 0.186996