0 0.069189 0.174934 0.066171 0.115861
0 0.130846 0.188198 0.050214 0.101238
0 0.189887 0.197022 0.054300 0.099485
0 0.247407 0.199207 0.042842 0.095718
0 0.438495 0.221632 0.048307 0.090719
0 0.487131 0.232843 0.025489 0.096315
0 0.932910 0.316885 0.052125 0.076326
0 0.725652 0.300714 0.067037 0.117304
0 0.783146 0.289338 0.048897 0.069623
0 0.635014 0.276973 0.097452 0.126592
0 0.547338 0.250244 0.094675 0.132864
0 0.642303 0.143880 0.024536 0.033217
0 0.667351 0.150328 0.022446 0.037590
0 0.718347 0.157800 0.035979 0.046983
0 0.124177 0.716931 0.033875 0.050410
0 0.284631 0.760687 0.040832 0.081462
0 0.242136 0.736288 0.032061 0.045570
0 0.356919 0.766938 0.065633 0.080253
0 0.432685 0.771979 0.074405 0.082268
0 0.368261 0.662085 0.016333 0.021373
0 0.348299 0.660270 0.013913 0.025810
0 0.308374 0.652205 0.024197 0.029842
0 0.608298 0.745240 0.136293 0.209844
0 0.767487 0.743653 0.111414 0.193184
0 0.910450 0.737703 0.131966 0.203497